SCOPE-Falkor (FK180310) Cruise

Stn Cast       Date      Time     Latitude     Longitude     Depth  Bottles

  1    1   Mar 12 2018 01:15:46  21 21.153 N  158 17.498 W  1009.22    24
  2    1   Mar 14 2018 06:31:53  21 49.986 N  156  8.242 W   401.09     4
  3    1   Mar 14 2018 15:35:49  22 43.199 N  156 14.411 W   401.26    16
  4    1   Mar 15 2018 05:44:46  21 56.787 N  155  5.457 W   405.04    18
  5    1   Mar 15 2018 11:46:03  22 28.822 N  155 23.988 W   403.25     0
  6    1   Mar 15 2018 23:05:10  21 51.346 N  156  1.779 W   407.36    17
  7    1   Mar 16 2018 16:19:26  21 51.035 N  156  2.043 W   400.52     3
  8    1   Mar 16 2018 22:10:07  21 53.892 N  156  0.482 W   417.05    10
  9    1   Mar 17 2018 01:04:09  21 54.739 N  155 59.665 W   403.80    16
 10    1   Mar 17 2018 04:21:53  21 55.249 N  155 59.946 W   404.55     3
 11    1   Mar 17 2018 16:03:10  21 55.998 N  156  2.113 W   400.36     3
 12    1   Mar 17 2018 21:59:54  21 56.031 N  156  0.811 W   405.59    11
 13    1   Mar 18 2018 03:59:00  21 57.927 N  155 59.027 W   403.83     3
 14    1   Mar 18 2018 16:07:13  22  3.312 N  156  3.575 W   410.83     6
 15    1   Mar 18 2018 21:57:48  22  2.273 N  156  6.075 W   406.01    10
 16    1   Mar 19 2018 04:04:36  22  2.410 N  156  7.033 W   404.99     3
 17    1   Mar 19 2018 16:04:04  22  5.319 N  156  9.908 W   400.79     3
 18    1   Mar 19 2018 22:00:32  22  4.478 N  156 10.605 W   421.64    10
 19    1   Mar 20 2018 01:02:59  22  3.750 N  156  9.763 W  1002.32    17
 20    1   Mar 20 2018 05:05:11  22  4.222 N  156  9.983 W   404.46     3
 21    1   Mar 20 2018 16:06:00  22  5.871 N  156 12.194 W   401.65     3
 22    1   Mar 20 2018 22:01:13  22  4.856 N  156 13.961 W   404.16    10
 23    1   Mar 21 2018 04:01:34  22  4.156 N  156 12.162 W   404.17     3
 24    1   Mar 21 2018 16:02:23  22  6.032 N  156 12.206 W   401.05     3
 25    1   Mar 21 2018 22:00:18  22  9.469 N  156 15.480 W   403.48    10
 26    1   Mar 22 2018 01:11:05  22 10.486 N  156 16.987 W   406.39    16
 27    1   Mar 22 2018 04:01:51  22  9.446 N  156 17.552 W   405.75     3
 28    1   Mar 28 2018 05:28:23  22   5.28 N  156  20.60 W   401.21    24
 29    1   Mar 28 2018 12:59:57  22  6.130 N  156 20.799 W   401.67    18
 30    1   Mar 28 2018 16:15:32  22  8.400 N  156 20.165 W   435.38     8
 31    1   Mar 28 2018 22:04:35  22  9.374 N  156 20.997 W   402.85     5
 32    1   Mar 29 2018 04:03:23  22 12.538 N  156 21.082 W   400.96    12
 33    1   Mar 29 2018 10:23:39  22  15.56 N  156  23.59 W  1939.60    24
 34    1   Mar 29 2018 16:21:48  22 15.464 N  156 22.943 W   400.37    20
 35    1   Mar 29 2018 22:00:03  22 20.968 N  156 31.706 W   401.07    15
 36    1   Mar 30 2018 01:01:25  22 21.257 N  156 32.426 W   401.86    23
 37    1   Mar 30 2018 04:04:11  22 21.991 N  156 34.227 W   401.00    16
 38    1   Mar 30 2018 07:04:20  22 20.698 N  156 35.791 W   154.34     6
 39    1   Mar 30 2018 10:19:53  22 18.157 N  156 32.557 W   157.34     8
 40    1   Mar 30 2018 12:17:00  22 18.810 N  156 40.949 W   401.19    24
 41    1   Mar 30 2018 16:32:40  22 21.203 N  156 32.551 W   400.23    22
 42    1   Mar 30 2018 22:01:39  22 22.336 N  156 46.512 W   401.70    17
 43    1   Mar 31 2018 00:59:24  22 21.784 N  156 45.406 W  1000.38    23
 44    1   Mar 31 2018 21:52:25  22 20.523 N  156 54.519 W   432.66    20
 45    1   Apr 01 2018 01:01:41  22 20.142 N  156 54.249 W   251.31    10
 46    1   Apr 01 2018 04:01:23  22 19.468 N  156 54.146 W   401.75    23
 47    1   Apr 01 2018 07:05:50  22 19.593 N  156 57.153 W   172.70     8
 48    1   Apr 01 2018 10:03:14  22 18.485 N  156 56.960 W   401.48    14
 49    1   Apr 01 2018 12:03:18  22 17.752 N  156 57.040 W   401.83    24
 50    1   Apr 01 2018 16:40:14  22 15.801 N  156 56.537 W   402.45    21
 51    1   Apr 01 2018 21:58:55  22 17.962 N  157  0.653 W   402.17    12
 52    1   Apr 02 2018 01:02:06  22  16.75 N  157   1.31 W   401.99    10
 53    1   Apr 02 2018 07:40:50  22  17.06 N  157   1.95 W   401.03    17
 54    1   Apr 02 2018 10:03:33  22 17.290 N  157  1.102 W   153.35    10
 55    1   Apr 02 2018 12:06:35  22 15.633 N  157  3.813 W   402.23    24
 56    1   Apr 02 2018 16:58:23  22 12.090 N  156 58.316 W   401.53    23
 57    1   Apr 02 2018 19:59:52  22  18.41 N  157   5.57 W   152.98    12
 58    1   Apr 02 2018 21:56:51  22  15.28 N  157   5.13 W   401.38     6
 59    1   Apr 03 2018 01:14:56  22 18.730 N  157  5.298 W   400.50    20
 60    1   Apr 03 2018 04:09:38  22 10.230 N  156 59.071 W   401.42    16
 61    1   Apr 03 2018 11:59:37  22 10.074 N  157  1.897 W   401.61    16
 62    1   Apr 03 2018 15:32:50  22 11.327 N  157  3.560 W   402.23    24
 63    1   Apr 03 2018 22:14:14  22 12.073 N  156 40.490 W   405.47     8
 64    1   Apr 04 2018 03:50:59  22  7.983 N  157  4.454 W   401.61    24
 65    1   Apr 04 2018 11:56:18  22   6.22 N  157   2.51 W   402.33    24
 66    1   Apr 04 2018 16:03:10  22  5.760 N  157  1.993 W  1002.08    24
 67    1   Apr 04 2018 21:58:27  22  7.408 N  156 56.289 W   400.53    24
 68    1   Apr 05 2018 00:13:37  22  4.008 N  156 58.364 W   198.57    12
 69    1   Apr 05 2018 01:13:00  22  1.490 N  157  0.493 W  1004.32    24
 70    1   Apr 05 2018 14:00:45  22   0.05 N  156  56.47 W    26.61    24
 71    1   Apr 05 2018 22:27:57  22 21.677 N  157 43.640 W   401.96    24
 72    1   Apr 06 2018 04:02:18  22 49.961 N  158 22.194 W   400.45    24
 73    1   Apr 06 2018 15:57:37  23 46.944 N  159 33.423 W   400.87    24
 74    1   Apr 07 2018 01:02:01  24 30.703 N  160 30.396 W   401.52    24
 75    1   Apr 07 2018 04:02:53  24 30.750 N  160 32.175 W   399.75    24
 76    1   Apr 07 2018 12:03:50  24 36.923 N  160 51.149 W   401.09    24
 77    1   Apr 07 2018 15:57:24  24 35.138 N  160 51.884 W   401.46    24
 78    1   Apr 07 2018 21:59:09  24 35.124 N  160 52.036 W   401.25    23
 79    1   Apr 08 2018 02:04:26  24 34.222 N  160 51.923 W   400.15    24
 80    1   Apr 08 2018 04:14:18  24 34.927 N  160 52.930 W   402.89    24
 81    1   Apr 08 2018 12:00:38  24 32.377 N  160 46.190 W   401.30    24
 82    1   Apr 08 2018 16:04:36  24 31.945 N  160 46.244 W   401.14    18
 83    1   Apr 08 2018 17:57:34  24 32.022 N  160 47.173 W   201.17    20
 84    1   Apr 08 2018 21:58:19  24 33.544 N  160 50.658 W   400.59    24
 85    1   Apr 09 2018 01:02:36  24  28.32 N  160 48.028 W  1003.27    24
 86    1   Apr 09 2018 04:02:41  24 26.809 N  160 45.725 W   401.05    18
